Исходная прямоугольная матрица:
47.0 89.0 43.0 27.0 79.0 -43.0 40.0 71.0 
-81.0 -76.0 2.0 -2.0 -44.0 6.0 -66.0 27.0 
-94.0 66.0 38.0 -74.0 -16.0 -47.0 82.0 -37.0 
45.0 -54.0 53.0 95.0 39.0 28.0 86.0 -80.0 
46.0 96.0 -84.0 -77.0 -3.0 -37.0 -72.0 37.0 
96.0 54.0 79.0 25.0 -85.0 -36.0 -76.0 8.0 
-44.0 -67.0 11.0 -79.0 40.0 8.0 -45.0 -5.0 
-3.0 12.0 -72.0 64.0 -31.0 -69.0 30.0 60.0 
57.0 -49.0 -43.0 80.0 -49.0 65.0 19.0 6.0 
29.0 -89.0 -51.0 -91.0 23.0 -70.0 -14.0 94.0 

Результат обработки:
3713.0 7031.0 3397.0 2133.0 6241.0 -3397.0 3160.0 5609.0 
3564.0 3344.0 -88.0 88.0 1936.0 -264.0 2904.0 -1188.0 
1504.0 -1056.0 -608.0 1184.0 256.0 752.0 -1312.0 592.0 
1755.0 -2106.0 2067.0 3705.0 1521.0 1092.0 3354.0 -3120.0 
-138.0 -288.0 252.0 231.0 9.0 111.0 216.0 -111.0 
-8160.0 -4590.0 -6715.0 -2125.0 7225.0 3060.0 6460.0 -680.0 
-1760.0 -2680.0 440.0 -3160.0 1600.0 320.0 -1800.0 -200.0 
93.0 -372.0 2232.0 -1984.0 961.0 2139.0 -930.0 -1860.0 
-2793.0 2401.0 2107.0 -3920.0 2401.0 -3185.0 -931.0 -294.0 
667.0 -2047.0 -1173.0 -2093.0 529.0 -1610.0 -322.0 2162.0 
